  -767.187        1606.32         2679.05   
  -763.668        1585.2          2706.33    
  -782.254        1545.99         2754.58     
  -809.429        1510.57         2797.14      
  -830.666        1458.98         2860.93      
  -827.368        1432.03         2895.63     
  -804.513        1383.71         2959.49     
  -765.29         1333.75         3027.01      
  -735.312        1289.28         3086.63      
  -736.986        1238.73         3150.97      
  -753.83         1178.93         3225.65      
  -767.112        1122.66         3296.16     
  -765.086        1068.32         3365.69     
  -732.576        1010.56         3442.52     
  -709.178        966.296         3501.25      
  -706.877        933.545         3543.26      
  -720.057        899.193         3585.82      
  -751.826        856.625         3637.07      
  -780.58         823.121         3677.05    
  -787.732        796.14          3710.78      
  -793.366        748.796         3770.65      
  -796.704        721.028         3805.75     
  -801.425        699.578         3832.67     
  -807.048        676.838         3861.14     
  -839.902        668.905         3868.1    
  -893.974        650.856         3885.92     
  -929.983        645.217         3889.64      
  -970.363        631.251         3903.57     
  -985.371        615.871         3921.75     
  -1014.78        590.758         3950.96     
  -1019.13        572.706         3973.57      
  -1042.5         563.272         3983.36     
  -1092.66        551.176         3993.96      
  -1122.21        546.764         3996.74      
  -1147.21        540.92          4001.79      
  -1164.98        524.117         4021.52      
  -1175.71        504.422         4045.61     
  -1185.28        491.943         4060.61     
  -1191.61        475.232         4081.32     
  -1183.13        473.665         4084.14      
  -1181.59        473.819         4084.09      
  -1181.27        476.511         4080.69      
  -1187.07        479.879         4075.83     
  -1198.85        483.978         4069.47      
  -1202.71        483.349         4069.9      
  -1197.91        491.548         4059.9     
  -1207.25        496.963         4052.09      
  -1216.36        505.53          4040.28     
  -1219.69        531.566         4006.74      
  -1221.24        552.855         3979.43     
  -1229.75        566.446         3961.27     
  -1241.44        566.831         3959.65      

